
% 
% TrackerCalibMtx(:,:,1) = [ 
% 0.002619680390876 -0.244212304835805  0.969718251576938
% 0.99994911868751  -0.008806869464799  -0.004919256681752
% 0.009741525071601 0.96968179791982  0.244176807809967
% 300.74466955487156 1541.4572967483682  336.2203235849135
%   ];
% 
% TrackerCalibMtx(:,:,2) = [ 
% 0.002619680390876 -0.244212304835805  0.969718251576938
% 0.99994911868751  -0.008806869464799  -0.004919256681752
% 0.009741525071601 0.96968179791982  0.244176807809967
% 300.74466955487156 1541.4572967483682  336.2203235849135
%   ];
% 
% TrackerCalibMtx(:,:,3) = [ 
% 0.002619680390876 -0.244212304835805  0.969718251576938
% 0.99994911868751  -0.008806869464799  -0.004919256681752
% 0.009741525071601 0.96968179791982  0.244176807809967
% 300.74466955487156 1541.4572967483682  336.2203235849135
%   ];

TrackerCalibMtx = [ 
0.002619680390876 -0.244212304835805  0.969718251576938
0.99994911868751  -0.008806869464799  -0.004919256681752
0.009741525071601 0.96968179791982  0.244176807809967
300.74466955487156 1541.4572967483682  336.2203235849135
  ];

SaveTrackerCalibMatrix( TrackerCalibMtx );













